Squal: Max: Min: Sum: Shutter: LaserPower:
000 002 001 002 12810 143
000 002 001 002 12810 143
000 002 001 002 12810 143
000 002 001 002 12810 143
000 002 001 002 12810 143
000 002 001 002 12810 143
000 002 001 002 12810 143
000 002 001 002 12810 143
000 002 001 002 12810 143
000 002 001 002 12810 143
000 002 001 002 12810 143
000 002 001 002 12810 143
000 002 001 002 12810 143
000 002 001 002 12810 143
000 002 001 002 12810 143
000 002 001 002 12810 143
000 002 001 002 12810 143
000 002 001 002 12810 143
000 002 001 002 12810 143
000 002 001 002 12810 143
000 002 001 002 12810 143
000 002 001 002 12810 143
000 002 001 002 12810 143
000 002 001 002 12810 143
000 002 001 002 12810 143
000 002 001 002 12810 143
000 002 001 002 12810 143
000 002 001 002 12810 143
000 002 001 002 12810 143
000 002 001 002 12810 143
000 002 001 002 12810 143
000 002 001 002 12810 143
000 002 001 002 12810 143
000 002 001 002 12810 143
000 002 001 002 12810 143
000 002 001 002 12810 143
000 002 001 002 12810 143
000 002 001 002 12810 143
000 002 001 002 12810 143
000 002 001 002 12810 143
000 002 001 002 12810 143
000 002 001 002 12810 143
000 002 001 002 12810 143
000 002 001 002 12810 143
000 002 001 002 12810 143
000 002 001 002 12810 143
000 002 001 002 12810 143
000 002 001 002 12810 143
000 002 001 002 12810 143
000 002 001 002 12810 143
000 002 001 002 12810 143
000 002 001 002 12810 143
000 002 001 002 12810 143
000 002 001 002 12810 143
000 002 001 002 12810 143
000 002 001 002 12810 143
000 002 001 002 12810 143
000 002 001 002 12810 143
000 002 001 002 12810 143
000 002 001 002 12810 143
000 002 001 002 12810 143
000 002 001 002 12810 143
000 002 001 002 12810 143
000 002 001 002 12810 143
000 002 001 002 12810 143
000 002 001 002 12810 143
000 002 001 002 12810 143
000 002 001 002 12810 143
000 002 001 002 12810 143
000 002 001 002 12810 143
000 002 001 002 12810 143
000 002 001 002 12810 143
000 002 001 002 12810 143
000 002 001 002 12810 143
000 002 001 002 12810 143
000 002 001 002 12810 143
000 002 001 002 12810 143
000 002 001 002 12810 143
000 002 001 002 12810 143
000 002 001 002 12810 143
000 002 001 002 12810 143
000 002 001 002 12810 143
000 002 001 002 12810 143
000 002 001 002 12810 143
000 002 001 002 12810 143
000 002 001 002 12810 143
000 002 001 002 12810 143
000 002 001 002 12810 143
000 002 001 002 12810 143
000 002 001 002 12810 143
000 002 001 002 12810 143
000 002 001 002 12810 143
000 002 001 002 12810 143
000 002 001 002 12810 143
000 002 001 002 12810 143
000 002 001 002 12810 143
000 002 001 002 12810 143
000 002 001 002 12810 143
000 002 001 002 12810 143
000 002 001 002 12810 143
000 002 001 002 12810 143
000 002 001 002 12810 143
000 002 001 002 12810 143
000 002 001 002 12810 143
000 002 001 002 12810 143
000 002 001 002 12810 143
000 002 001 002 12810 143
000 002 001 002 12810 143
000 002 001 002 12810 143
000 002 001 002 12810 143
000 002 001 002 12810 143
000 002 001 002 12810 143
000 002 001 002 12810 143
000 002 001 002 12810 143
000 002 001 002 12810 143
000 002 001 002 12810 143
000 002 001 002 12810 143
000 002 001 002 12810 143
000 002 001 002 12810 143
000 002 001 002 12810 143
000 002 001 002 12810 143
000 002 001 002 12810 143
000 002 001 002 12810 143
000 002 001 002 12810 143
000 002 001 002 12810 143
000 002 001 002 12810 143
000 002 001 002 12810 143
000 002 001 002 12810 143
000 002 001 002 12810 143
000 002 001 002 12810 143
000 002 001 002 12810 143
000 002 001 002 12810 143
000 002 001 002 12810 143
000 002 001 002 12810 143
000 002 001 002 12810 143
000 002 001 002 12810 143
000 002 001 002 12810 143
000 002 001 002 12810 143
000 002 001 002 12810 143
000 002 001 002 12810 143
000 002 001 002 12810 143
000 002 001 002 12810 143
000 002 001 002 12810 143
000 002 001 002 12810 143
000 002 001 002 12810 143
000 002 001 002 12810 143
000 002 001 002 12810 143
000 002 001 002 12810 143
000 002 001 002 12810 143
000 003 001 002 12810 143
000 002 001 002 12810 143
000 003 001 002 12810 143
000 003 001 002 12810 143
000 003 001 002 12810 143
000 003 001 002 12810 143
000 003 001 002 12810 143
000 003 001 002 12810 143
000 003 001 002 12810 143
000 003 001 002 12810 143
000 004 001 002 12810 143
000 003 001 002 12810 143
000 004 001 002 12810 143
000 004 001 002 12810 143
001 004 001 002 12810 143
000 004 001 002 12810 143
000 004 001 002 12810 143
001 005 001 002 12810 143
001 005 001 002 12810 143
000 005 001 002 12810 143
000 005 001 002 12810 143
002 006 001 002 12810 143
001 006 001 002 12810 143
002 006 001 002 12810 143
003 007 001 002 12810 143
002 007 001 002 12810 143
002 008 001 002 12810 143
003 008 001 002 12810 143
004 009 001 002 12810 143
004 010 001 002 12810 143
004 011 001 002 12810 143
004 012 001 002 12810 143
004 011 001 002 12810 143
004 011 001 002 12810 143
005 011 001 002 12810 143
005 011 001 002 12810 143
005 011 001 002 12810 143
005 013 001 002 12810 143
005 013 001 002 12810 143
006 014 001 002 12810 143
006 014 001 002 12810 143
005 015 001 002 12810 143
006 015 001 003 12810 143
006 015 001 002 12810 143
006 018 001 003 12810 143
006 018 001 003 12810 143
006 017 001 003 12810 143
006 018 001 003 12810 143
005 017 001 003 12810 143
007 018 001 003 12810 143
007 020 001 003 12810 143
006 023 001 003 12810 143
007 024 001 003 12810 143
007 028 001 003 12810 143
007 029 001 003 12810 143
008 025 001 003 12810 143
008 023 001 003 12810 143
008 024 001 003 12810 143
009 024 001 003 12810 143
009 024 001 003 12810 143
008 028 001 003 12810 143
008 029 001 003 12810 143
009 036 001 003 12810 143
008 036 001 003 12810 143
008 036 001 003 12810 143
008 030 001 003 12810 143
008 031 001 003 12810 143
008 027 001 003 12810 143
009 029 001 003 12810 143
009 029 001 003 12810 143
009 037 001 003 12810 143
009 036 001 003 12810 143
008 035 001 003 12810 143
008 030 001 003 12810 143
008 029 001 003 12810 143
009 026 001 003 12810 143
009 028 001 003 12810 143
009 028 001 003 12810 143
008 034 001 003 12810 143
009 037 001 003 12810 143
009 038 001 004 12810 143
009 032 001 004 12810 143
009 034 001 003 12810 143
009 029 001 003 12810 143
009 029 001 003 12810 143
010 029 001 003 12810 143
010 030 001 003 12810 143
010 040 001 004 12810 143
010 031 001 004 12810 143
010 031 001 003 12810 143
011 027 001 004 12810 143
011 028 000 003 12810 143
012 029 001 004 12810 143
012 034 001 004 12810 143
012 035 001 004 12810 143
012 041 001 004 12810 143
012 040 001 004 12810 143
011 030 001 004 12810 143
011 028 001 004 12810 143
011 030 001 004 12810 143
012 030 001 004 12810 143
012 036 001 004 12810 143
012 043 001 004 12810 143
011 043 001 004 12810 143
012 035 001 004 12810 143
011 033 001 004 12810 143
011 030 001 004 12810 143
011 033 001 004 12810 143
011 033 001 004 12810 143
011 040 001 004 12810 143
012 043 001 005 12810 143
013 041 001 005 12810 143
011 033 001 005 12810 143
011 033 001 004 12810 143
010 029 001 004 12810 143
011 029 001 004 12810 143
010 029 001 004 12810 143
010 034 001 004 12810 143
012 035 001 005 12810 143
012 042 001 005 12810 143
011 041 001 005 12810 143
011 035 001 005 12810 143
010 030 001 005 12810 143
010 030 001 004 12810 143
010 028 001 004 12810 143
010 028 001 004 12810 143
011 032 001 004 12810 143
013 039 001 005 12810 143
013 039 001 005 12810 143
013 041 001 005 12810 143
012 035 001 005 12810 143
013 030 001 005 12810 143
012 030 001 005 12810 143
011 030 001 005 12810 143
012 031 001 005 12810 143
013 035 001 005 12810 143
014 042 001 005 12810 143
014 041 001 005 12810 143
014 040 001 005 12810 143
014 038 001 005 12810 143
015 031 001 005 12810 143
012 028 001 005 12810 143
012 028 001 005 12810 143
012 030 001 005 12810 143
014 030 001 005 12810 143
013 036 001 005 12810 143
014 038 001 005 12810 143
013 044 001 005 12810 143
013 036 001 006 12810 143
013 036 001 005 12810 143
013 032 001 005 12810 143
012 031 001 005 12810 143
013 030 001 005 12810 143
014 035 001 005 12810 143
013 035 001 005 12810 143
014 031 001 005 12810 143
014 031 001 005 12810 143
015 031 001 005 12810 143
015 038 001 005 12810 143
016 037 001 006 12810 143
015 037 001 005 12810 143
015 037 001 006 12810 143
017 046 001 006 12810 143
016 046 001 006 12810 143
015 043 001 006 12810 143
016 044 001 006 12810 143
015 037 001 006 12810 143
015 034 001 005 12810 143
017 036 001 005 12810 143
017 036 001 005 12810 143
018 044 001 006 12810 143
018 044 001 006 12810 143
019 049 001 006 12810 143
018 048 001 006 12810 143
014 032 001 005 12810 143
016 033 001 005 12810 143
017 038 001 005 12810 143
017 047 001 006 12810 143
020 048 001 006 12810 143
018 048 001 006 12810 143
018 037 001 006 12810 143
018 037 001 006 12810 143
016 034 001 006 12810 143
019 034 001 005 12810 143
019 035 001 005 12810 143
020 036 001 006 12810 143
020 044 001 006 12810 143
020 053 001 006 12810 143
019 052 001 007 12810 143
020 043 001 007 12810 143
019 042 001 006 12810 143
020 036 001 006 12810 143
019 035 001 006 12810 143
021 033 001 006 12810 143
023 038 001 006 12810 143
023 039 001 006 12810 143
023 047 001 006 12810 143
024 046 001 007 12810 143
023 046 001 007 12810 143
022 038 001 006 12810 143
024 047 001 006 12810 143
024 045 001 007 12810 143
025 045 001 006 12810 143
023 037 001 006 12810 143
021 033 001 006 12810 143
024 033 001 006 12810 143
022 035 001 005 12810 143
023 036 001 006 12810 143
022 042 001 006 12810 143
023 049 001 006 12810 143
023 049 001 006 12810 143
021 040 001 007 12810 143
021 038 001 006 12810 143
019 032 001 006 12810 143
021 031 001 006 12810 143
022 031 001 006 12810 143
020 034 001 006 12810 143
021 039 001 006 12810 143
020 033 001 006 12810 143
020 033 001 006 12810 143
021 029 001 006 12810 143
022 032 001 006 12810 143
020 038 001 007 12810 143
021 032 001 006 12810 143
021 031 001 006 12810 143
022 029 001 006 12810 143
022 031 001 006 12810 143
021 030 001 006 12810 143
022 029 001 006 12810 143
023 031 001 006 12810 143
024 038 001 006 12810 143
023 039 001 006 12810 143
025 044 001 006 12810 143
024 045 001 007 12810 143
025 038 001 007 12810 143
023 033 001 006 12810 143
024 032 001 006 12810 143
023 031 001 006 12810 143
024 031 001 006 12810 143
025 037 001 006 12810 143
025 044 001 006 12810 143
024 044 001 006 12810 143
026 043 001 007 12810 143
023 042 001 007 12810 143
023 035 001 006 12810 143
022 035 001 006 12810 143
023 032 001 006 12810 143
022 034 001 006 12810 143
024 034 001 006 12810 143
024 041 001 006 12810 143
025 048 001 007 12810 143
025 050 001 007 12810 143
025 040 001 007 12810 143
024 041 001 006 12810 143
024 033 001 006 12810 143
024 036 001 006 12810 143
024 043 001 006 12810 143
024 044 001 007 12810 143
024 050 001 007 12810 143
023 049 001 007 12810 143
022 033 001 006 12810 143
022 037 001 006 12810 143
022 037 001 006 12810 143
022 045 001 006 12810 143
022 037 001 006 12810 143
022 043 001 007 12810 143
022 043 001 007 12810 143
022 036 001 007 12810 143
023 032 001 006 12810 143
024 031 001 006 12810 143
024 034 001 006 12810 143
023 034 001 006 12810 143
025 041 001 006 12810 143
025 047 001 007 12810 143
027 047 001 007 12810 143
027 040 001 007 12810 143
024 039 001 006 12810 143
025 034 001 006 12810 143
023 033 001 006 12810 143
027 033 001 006 12810 143
025 038 001 006 12810 143
024 039 001 007 12810 143
026 047 001 007 12810 143
024 038 001 007 12810 143
024 037 001 006 12810 143
023 033 001 006 12810 143
024 032 001 006 12810 143
022 033 001 006 12810 143
024 039 001 006 12810 143
023 032 001 006 12810 143
025 038 001 006 12810 143
025 039 001 006 12810 143
024 048 001 007 12810 143
024 048 001 007 12810 143
023 039 001 006 12810 143
023 048 001 007 12810 143
023 047 001 007 12810 143
022 046 001 007 12810 143
022 037 001 007 12810 143
021 038 001 006 12810 143
022 034 001 006 12810 143
022 035 001 006 12810 143
023 036 001 006 12810 143
024 045 001 006 12810 143
025 046 001 008 12810 143
024 039 001 007 12810 143
023 038 001 006 12810 143
023 035 001 006 12810 143
024 040 001 006 12810 143
026 039 001 007 12810 143
026 047 001 007 12810 143
027 052 001 007 12810 143
027 050 001 007 12810 143
026 041 001 007 12810 143
026 041 001 007 12810 143
027 036 001 007 12810 143
027 036 001 006 12810 143
026 035 001 006 12810 143
025 042 001 006 12810 143
026 042 001 007 12810 143
027 051 001 007 12810 143
025 050 001 008 12810 143
025 042 001 008 12810 143
025 036 001 007 12810 143
023 035 001 006 12810 143
023 032 001 006 12810 143
024 032 001 006 12810 143
024 036 001 006 12810 143
025 043 001 007 12810 143
025 043 001 007 12810 143
026 045 001 007 12810 143
025 045 001 007 12810 143
024 037 001 007 12810 143
024 033 001 006 12810 143
024 033 001 006 12810 143
024 039 001 007 12810 143
023 038 001 007 12810 143
025 033 001 007 12810 143
024 034 001 006 12810 143
026 035 001 006 12810 143
024 042 001 006 12810 143
026 041 001 007 12810 143
026 051 001 007 12810 143
028 045 001 008 12810 143
026 043 001 008 12810 143
025 036 001 007 12810 143
025 037 001 006 12810 143
025 035 001 006 12810 143
026 049 001 007 12810 143
025 054 001 008 12810 143
025 043 001 008 12810 143
026 043 001 007 12810 143
025 037 001 007 12810 143
024 037 001 006 12810 143
024 036 001 006 12810 143
025 037 001 006 12810 143
024 043 001 006 12810 143
026 052 001 007 12810 143
023 051 001 008 12810 143
023 046 001 008 12810 143
022 038 001 007 12810 143
023 037 001 007 12810 143
026 049 001 007 12810 143
025 035 001 006 12810 143
024 041 001 006 12810 143
026 046 001 007 12810 143
024 046 001 007 12810 143
025 039 001 007 12810 143
025 039 001 007 12810 143
024 033 001 007 12810 143
024 031 001 006 12810 143
026 032 001 006 12810 143
027 037 001 006 12810 143
027 038 001 007 12810 143
027 047 001 007 12810 143
026 048 001 007 12810 143
026 040 001 007 12810 143
026 040 001 007 12810 143
025 039 001 006 12810 143
023 036 001 007 12810 143
024 037 001 006 12810 143
024 037 001 006 12810 143
024 046 001 006 12810 143
024 047 001 007 12810 143
025 058 001 007 12810 143
025 048 001 008 12810 143
024 048 001 007 12810 143
023 041 001 007 12810 143
024 041 001 006 12810 143
024 040 001 006 12810 143
025 048 001 007 12810 143
024 058 001 007 12810 143
023 040 001 007 12810 143
021 036 001 006 12810 143
022 036 001 006 12810 143
022 042 001 006 12810 143
023 042 001 007 12810 143
022 051 001 007 12810 143
023 051 001 007 12810 143
022 051 001 007 12810 143
022 041 001 007 12810 143
021 040 001 006 12810 143
020 035 001 006 12810 143
021 036 001 006 12810 143
022 037 001 006 12810 143
021 043 001 006 12810 143
024 043 001 007 12810 143
023 051 001 007 12810 143
023 051 001 008 12810 143
022 043 001 007 12810 143
021 037 001 007 12810 143
022 037 001 006 12810 143
024 036 001 006 12810 143
025 041 001 006 12810 143
025 041 001 006 12810 143
025 052 001 007 12810 143
024 047 001 007 12810 143
024 038 001 007 12810 143
025 038 001 006 12810 143
025 036 001 006 12810 143
024 043 001 006 12810 143
024 042 001 006 12810 143
023 051 001 007 12810 143
023 051 001 007 12810 143
025 044 001 007 12810 143
025 037 001 007 12810 143
024 036 001 006 12810 143
026 036 001 006 12810 143
024 042 001 006 12810 143
023 036 001 006 12810 143
023 041 001 006 12810 143
023 041 001 007 12810 143
025 051 001 007 12810 143
023 052 001 007 12810 143
023 051 001 007 12810 143
022 043 001 007 12810 143
021 038 001 006 12810 143
022 045 001 006 12810 143
022 046 001 007 12810 143
024 056 001 007 12810 143
024 057 001 008 12810 143
024 047 001 007 12810 143
024 039 001 007 12810 143
024 038 001 006 12810 143
024 039 001 006 12810 143
023 028 000 005 12810 143
