Squal:  Max:    Min:    Sum:    Shutter:        LaserPower:
000     002     001     002     12810   143
000     002     001     002     12810   143
000     002     001     002     12810   143
000     002     001     002     12810   143
000     002     001     002     12810   143
000     002     001     002     12810   143
000     002     001     002     12810   143
000     002     001     002     12810   143
000     002     001     002     12810   143
000     002     001     002     12810   143
000     002     001     002     12810   143
000     002     001     002     12810   143
000     002     001     002     12810   143
000     002     001     002     12810   143
000     002     001     002     12810   143
000     002     001     002     12810   143
000     002     001     002     12810   143
000     002     001     002     12810   143
000     002     001     002     12810   143
000     002     001     002     12810   143
000     002     001     002     12810   143
000     002     001     002     12810   143
000     002     001     002     12810   143
000     002     001     002     12810   143
000     002     001     002     12810   143
000     002     001     002     12810   143
000     002     001     002     12810   143
000     002     001     002     12810   143
000     002     001     002     12810   143
000     002     001     002     12810   143
000     002     001     002     12810   143
000     002     001     002     12810   143
000     002     001     002     12810   143
000     002     001     002     12810   143
000     002     001     002     12810   143
000     002     001     002     12810   143
000     002     001     002     12810   143
000     002     001     002     12810   143
000     002     001     002     12810   143
000     002     001     002     12810   143
000     002     001     002     12810   143
000     002     001     002     12810   143
000     002     001     002     12810   143
000     002     001     002     12810   143
000     002     001     002     12810   143
000     002     001     002     12810   143
000     002     001     002     12810   143
000     002     001     002     12810   143
000     002     001     002     12810   143
000     002     001     002     12810   143
000     002     001     002     12810   143
000     002     001     002     12810   143
000     002     001     002     12810   143
000     002     001     002     12810   143
000     002     001     002     12810   143
000     002     001     002     12810   143
000     002     001     002     12810   143
000     002     001     002     12810   143
000     002     001     002     12810   143
000     002     001     002     12810   143
000     002     001     002     12810   143
000     002     001     002     12810   143
000     002     001     002     12810   143
000     002     001     002     12810   143
000     002     001     002     12810   143
000     002     001     002     12810   143
000     002     001     002     12810   143
000     002     001     002     12810   143
000     002     001     002     12810   143
000     002     001     002     12810   143
000     002     001     002     12810   143
000     002     001     002     12810   143
000     002     001     002     12810   143
000     002     001     002     12810   143
000     002     001     002     12810   143
000     002     001     002     12810   143
000     002     001     002     12810   143
000     002     001     002     12810   143
000     002     001     002     12810   143
000     002     001     002     12810   143
000     002     001     002     12810   143
000     002     001     002     12810   143
000     002     001     002     12810   143
000     002     001     002     12810   143
000     002     001     002     12810   143
000     002     001     002     12810   143
000     002     001     002     12810   143
000     002     001     002     12810   143
000     002     001     002     12810   143
000     002     001     002     12810   143
000     002     001     002     12810   143
000     002     001     002     12810   143
000     002     001     002     12810   143
000     002     001     002     12810   143
000     002     001     002     12810   143
000     002     001     002     12810   143
000     002     001     002     12810   143
000     002     001     002     12810   143
000     002     001     002     12810   143
000     002     001     002     12810   143
000     002     001     002     12810   143
000     002     001     003     12810   143
000     002     001     002     12810   143
000     002     001     002     12810   143
000     002     001     002     12810   143
000     002     001     002     12810   143
000     002     001     002     12810   143
000     002     001     002     12810   143
000     002     001     002     12810   143
000     002     001     002     12810   143
000     002     001     003     12810   143
000     002     001     002     12810   143
000     002     001     002     12810   143
000     002     001     002     12810   143
000     002     001     002     12810   143
000     002     001     002     12810   143
000     002     001     002     12810   143
000     002     001     002     12810   143
000     002     001     002     12810   143
000     002     001     002     12810   143
000     002     001     002     12810   143
000     002     001     002     12810   143
000     002     001     002     12810   143
000     002     001     002     12810   143
000     002     001     002     12810   143
000     002     001     002     12810   143
000     003     001     002     12810   143
000     003     001     002     12810   143
000     002     001     002     12810   143
000     003     001     002     12810   143
000     003     001     002     12810   143
000     003     001     002     12810   143
000     003     001     002     12810   143
000     003     001     003     12810   143
000     003     001     002     12810   143
000     003     001     002     12810   143
000     003     001     002     12810   143
000     003     001     002     12810   143
000     003     001     002     12810   143
000     003     001     003     12810   143
000     003     001     003     12810   143
000     003     001     002     12810   143
000     003     001     002     12810   143
000     003     001     002     12810   143
000     003     001     002     12810   143
000     004     001     002     12810   143
000     004     001     003     12810   143
000     004     001     002     12810   143
000     004     001     002     12810   143
000     004     001     002     12810   143
000     004     001     002     12810   143
000     004     001     003     12810   143
000     004     001     003     12810   143
000     004     001     002     12810   143
001     004     001     003     12810   143
000     005     001     003     12810   143
000     005     001     003     12810   143
000     005     001     003     12810   143
000     005     001     003     12810   143
000     005     001     003     12810   143
001     006     001     003     12810   143
001     006     001     003     12810   143
001     007     001     003     12810   143
002     007     001     003     12810   143
003     007     001     003     12810   143
003     008     001     003     12810   143
004     009     001     003     12810   143
004     009     001     003     12810   143
004     010     001     003     12810   143
004     012     001     003     12810   143
005     013     001     003     12810   143
006     014     001     003     12810   143
005     014     001     003     12810   143
005     013     001     003     12810   143
006     014     001     003     12810   143
005     015     001     003     12810   143
006     015     001     003     12810   143
006     017     001     003     12810   143
006     019     001     003     12810   143
006     020     001     003     12810   143
006     020     001     003     12810   143
006     021     001     003     12810   143
006     019     001     003     12810   143
006     019     001     003     12810   143
006     020     001     003     12810   143
006     022     001     003     12810   143
006     027     001     003     12810   143
006     029     001     003     12810   143
006     036     001     003     12810   143
006     035     001     004     12810   143
006     039     001     004     12810   143
008     034     001     004     12810   143
008     036     001     004     12810   143
008     043     001     004     12810   143
008     053     001     004     12810   143
008     045     001     004     12810   143
009     038     001     004     12810   143
009     039     001     004     12810   143
010     040     001     004     12810   143
009     040     001     004     12810   143
009     051     001     004     12810   143
009     063     001     004     12810   143
009     063     001     004     12810   143
010     063     001     004     12810   143
009     055     001     004     12810   143
009     058     001     004     12810   143
009     050     001     004     12810   143
009     051     001     004     12810   143
009     057     001     004     12810   143
010     063     001     004     12810   143
009     063     001     005     12810   143
010     063     001     005     12810   143
010     063     001     005     12810   143
011     063     001     005     12810   143
011     062     001     005     12810   143
011     060     001     005     12810   143
010     049     001     005     12810   143
010     058     001     004     12810   143
010     056     001     005     12810   143
011     063     001     005     12810   143
011     063     001     005     12810   143
011     063     001     005     12810   143
011     063     001     005     12810   143
011     063     001     005     12810   143
011     059     001     005     12810   143
011     054     001     005     12810   143
011     055     001     005     12810   143
011     063     001     005     12810   143
010     063     001     005     12810   143
010     063     001     005     12810   143
010     063     001     006     12810   143
011     063     001     006     12810   143
011     063     001     006     12810   143
012     051     001     005     12810   143
012     051     001     005     12810   143
012     063     001     005     12810   143
013     063     001     006     12810   143
013     063     001     006     12810   143
013     053     001     006     12810   143
013     054     001     006     12810   143
013     058     001     005     12810   143
012     059     001     006     12810   143
012     063     001     006     12810   143
013     063     001     007     12810   143
012     063     001     007     12810   143
012     063     001     007     12810   143
012     063     001     006     12810   143
013     063     001     007     12810   143
012     057     001     006     12810   143
012     057     001     006     12810   143
012     063     001     006     12810   143
013     063     001     007     12810   143
014     063     001     007     12810   143
013     063     001     007     12810   143
011     063     001     007     12810   143
012     063     001     007     12810   143
014     063     001     007     12810   143
013     063     001     007     12810   143
013     059     001     007     12810   143
013     063     001     007     12810   143
013     063     001     007     12810   143
012     063     001     008     12810   143
012     063     001     008     12810   143
013     063     001     008     12810   143
013     063     001     007     12810   143
013     054     001     007     12810   143
013     063     001     007     12810   143
011     063     001     008     12810   143
012     063     001     008     12810   143
015     063     001     007     12810   143
016     063     001     007     12810   143
015     063     001     008     12810   143
015     063     001     009     12810   143
014     063     001     009     12810   143
016     063     001     009     12810   143
016     063     001     008     12810   143
015     062     001     008     12810   143
015     061     001     007     12810   143
015     056     001     007     12810   143
014     063     001     007     12810   143
015     063     001     009     12810   143
016     063     001     009     12810   143
016     054     001     008     12810   143
016     055     001     007     12810   143
016     059     001     007     12810   143
016     061     001     008     12810   143
017     063     001     008     12810   143
016     063     001     009     12810   143
016     063     001     009     12810   143
015     063     001     009     12810   143
015     063     001     009     12810   143
015     063     001     008     12810   143
016     063     001     008     12810   143
016     063     001     008     12810   143
017     063     001     008     12810   143
017     063     001     009     12810   143
016     063     001     009     12810   143
018     063     001     010     12810   143
017     063     001     010     12810   143
017     063     001     009     12810   143
018     063     001     009     12810   143
019     063     001     009     12810   143
018     063     001     010     12810   143
017     063     001     010     12810   143
018     063     001     011     12810   143
019     063     001     011     12810   143
020     063     001     011     12810   143
020     063     001     010     12810   143
021     063     001     010     12810   143
019     059     001     009     12810   143
022     061     001     009     12810   143
022     063     001     009     12810   143
021     063     001     010     12810   143
022     063     001     011     12810   143
022     063     001     011     12810   143
022     063     001     011     12810   143
022     063     001     011     12810   143
020     063     001     010     12810   143
021     063     001     009     12810   143
021     063     001     009     12810   143
022     063     001     009     12810   143
022     063     001     009     12810   143
020     063     001     010     12810   143
022     063     001     010     12810   143
020     063     001     011     12810   143
022     063     001     010     12810   143
021     063     001     010     12810   143
020     063     001     009     12810   143
022     063     001     010     12810   143
023     063     001     010     12810   143
022     063     001     011     12810   143
022     063     001     011     12810   143
022     063     001     011     12810   143
023     063     001     011     12810   143
023     063     001     010     12810   143
023     063     001     011     12810   143
024     063     001     011     12810   143
024     063     001     011     12810   143
025     063     001     011     12810   143
025     063     001     011     12810   143
026     063     001     010     12810   143
027     063     001     009     12810   143
026     063     001     009     12810   143
027     063     001     010     12810   143
026     063     001     011     12810   143
025     063     001     011     12810   143
026     063     001     011     12810   143
026     063     001     011     12810   143
026     063     001     010     12810   143
025     063     001     010     12810   143
025     063     001     010     12810   143
024     063     001     009     12810   143
023     063     001     010     12810   143
026     063     001     010     12810   143
025     063     001     009     12810   143
025     063     001     009     12810   143
025     063     001     009     12810   143
024     063     001     010     12810   143
023     063     001     011     12810   143
022     063     001     011     12810   143
025     063     001     011     12810   143
025     063     001     011     12810   143
024     058     001     010     12810   143
026     058     001     009     12810   143
026     063     001     011     12810   143
026     063     001     010     12810   143
027     063     001     010     12810   143
025     063     001     011     12810   143
025     063     001     011     12810   143
026     063     001     012     12810   143
027     063     001     011     12810   143
027     063     001     011     12810   143
027     057     001     010     12810   143
027     056     001     010     12810   143
027     063     001     009     12810   143
028     063     001     011     12810   143
029     063     001     011     12810   143
028     063     001     012     12810   143
029     063     001     012     12810   143
029     063     001     012     12810   143
030     063     001     011     12810   143
030     063     001     011     12810   143
029     057     001     010     12810   143
028     057     001     010     12810   143
029     063     001     012     12810   143
029     063     001     011     12810   143
028     063     001     012     12810   143
029     063     001     012     12810   143
029     063     001     012     12810   143
028     063     001     011     12810   143
028     063     001     011     12810   143
028     063     001     012     12810   143
027     063     001     011     12810   143
028     063     001     010     12810   143
026     063     001     010     12810   143
026     063     001     010     12810   143
026     063     001     011     12810   143
025     063     001     011     12810   143
024     063     001     012     12810   143
025     063     001     012     12810   143
024     063     001     012     12810   143
024     063     001     011     12810   143
025     063     001     011     12810   143
025     063     001     012     12810   143
026     063     001     012     12810   143
025     063     001     012     12810   143
026     062     001     011     12810   143
027     062     001     010     12810   143
026     063     001     010     12810   143
024     063     001     012     12810   143
024     063     001     012     12810   143
025     063     001     012     12810   143
025     063     001     011     12810   143
027     057     001     011     12810   143
027     055     001     010     12810   143
028     063     001     010     12810   143
028     063     001     011     12810   143
028     063     001     012     12810   143
029     058     001     011     12810   143
030     063     001     011     12810   143
029     063     001     011     12810   143
029     059     001     011     12810   143
029     063     001     010     12810   143
029     063     001     011     12810   143
029     063     001     011     12810   143
030     063     001     012     12810   143
030     063     001     012     12810   143
030     063     001     012     12810   143
029     063     001     011     12810   143
030     063     001     011     12810   143
029     063     001     012     12810   143
029     063     001     012     12810   143
029     063     001     012     12810   143
027     063     001     011     12810   143
028     063     001     011     12810   143
026     063     001     011     12810   143
029     063     001     011     12810   143
026     063     001     012     12810   143
025     063     001     012     12810   143
024     063     001     012     12810   143
023     063     001     012     12810   143
026     063     001     012     12810   143
027     063     001     011     12810   143
026     063     001     011     12810   143
026     063     001     011     12810   143
028     063     001     011     12810   143
027     063     001     011     12810   143
029     063     001     011     12810   143
026     063     001     011     12810   143
027     063     001     011     12810   143
026     063     001     012     12810   143
028     063     001     013     12810   143
027     063     001     013     12810   143
029     063     001     011     12810   143
028     063     001     011     12810   143
029     063     001     011     12810   143
027     063     001     012     12810   143
027     063     001     012     12810   143
029     063     001     012     12810   143
028     063     001     012     12810   143
028     063     001     012     12810   143
028     063     001     011     12810   143
027     063     001     011     12810   143
027     063     001     011     12810   143
028     063     001     012     12810   143
028     063     001     012     12810   143
028     063     001     012     12810   143
027     063     001     012     12810   143
028     063     001     012     12810   143
028     063     001     012     12810   143
028     063     001     012     12810   143
028     063     001     011     12810   143
027     063     001     011     12810   143
029     063     001     011     12810   143
028     063     001     012     12810   143
027     063     001     013     12810   143
028     063     001     013     12810   143
029     063     001     012     12810   143
028     063     001     012     12810   143
028     063     001     012     12810   143
030     063     001     011     12810   143
029     063     001     011     12810   143
030     063     001     011     12810   143
027     063     001     012     12810   143
027     063     001     012     12810   143
028     063     001     013     12810   143
028     063     001     012     12810   143
029     063     001     012     12810   143
029     063     001     013     12810   143
029     063     001     012     12810   143
029     063     001     012     12810   143
028     063     001     012     12810   143
027     063     001     011     12810   143
029     063     001     011     12810   143
029     063     001     012     12810   143
029     063     001     012     12810   143
029     063     001     012     12810   143
029     063     001     012     12810   143
028     063     001     011     12810   143
029     063     001     011     12810   143
029     063     001     011     12810   143
029     063     001     012     12810   143
026     063     001     012     12810   143
026     063     001     012     12810   143
028     063     001     012     12810   143
027     063     001     012     12810   143
028     063     001     012     12810   143
029     063     001     011     12810   143
029     063     001     011     12810   143
029     063     001     011     12810   143
026     063     001     011     12810   143
025     063     001     012     12810   143
027     063     001     013     12810   143
028     063     001     012     12810   143
028     063     001     011     12810   143
027     063     001     011     12810   143
028     063     001     011     12810   143
025     063     001     012     12810   143
026     063     001     012     12810   143
027     063     001     013     12810   143
028     063     001     013     12810   143
026     063     001     012     12810   143
027     063     001     012     12810   143
028     063     001     012     12810   143
029     063     001     011     12810   143
029     063     001     011     12810   143
029     063     001     011     12810   143
029     063     001     012     12810   143
030     063     001     011     12810   143
029     063     001     011     12810   143
030     063     001     011     12810   143
030     063     001     011     12810   143
030     063     001     012     12810   143
030     063     001     013     12810   143
029     063     001     013     12810   143
029     063     001     012     12810   143
028     063     001     012     12810   143
027     063     001     012     12810   143
027     063     001     011     12810   143
027     063     001     011     12810   143
025     063     001     013     12810   143
027     063     001     011     12810   143
027     063     001     011     12810   143
025     063     001     011     12810   143
027     063     001     011     12810   143
028     063     001     012     12810   143
026     063     001     012     12810   143
024     063     001     012     12810   143
025     063     001     012     12810   143
024     063     001     012     12810   143
024     063     001     011     12810   143
025     061     001     011     12810   143
024     063     001     010     12810   143
024     063     001     012     12810   143
024     063     001     012     12810   143
025     063     001     012     12810   143
024     063     001     012     12810   143
025     063     001     012     12810   143
027     063     001     011     12810   143
028     063     001     011     12810   143
028     063     001     011     12810   143
028     063     001     011     12810   143
028     063     001     011     12810   143
028     063     001     012     12810   143
028     063     001     012     12810   143
029     063     001     012     12810   143
030     063     001     012     12810   143
028     063     001     011     12810   143
029     063     001     011     12810   143
029     063     001     011     12810   143
030     063     001     012     12810   143
031     063     001     012     12810   143
031     063     001     012     12810   143
030     063     001     012     12810   143
029     063     001     012     12810   143
029     063     001     012     12810   143
028     063     001     012     12810   143
025     063     001     012     12810   143
025     063     001     012     12810   143
025     063     001     011     12810   143
025     063     001     011     12810   143
026     063     001     010     12810   143
027     063     001     011     12810   143
025     063     001     011     12810   143
026     063     001     012     12810   143
025     063     001     011     12810   143
026     063     001     011     12810   143
024     063     001     010     12810   143
024     063     001     010     12810   143
027     063     001     011     12810   143
025     063     001     011     12810   143
028     063     001     012     12810   143
027     063     001     012     12810   143
027     063     001     012     12810   143
027     063     001     011     12810   143
029     063     001     010     12810   143
028     063     001     011     12810   143
028     063     001     011     12810   143
028     063     001     012     12810   143
027     063     001     012     12810   143
030     063     001     012     12810   143
030     063     001     011     12810   143
030     063     001     011     12810   143
030     063     001     010     12810   143
029     063     001     010     12810   143
029     063     001     010     12810   143
028     063     001     011     12810   143
028     063     001     011     12810   143
026     063     001     012     12810   143
026     063     001     012     12810   143
025     063     001     012     12810   143
025     063     001     011     12810   143
025     063     001     010     12810   143
027     063     001     010     12810   143
026     063     001     011     12810   143
025     063     001     011     12810   143
026     063     001     012     12810   143
025     063     001     012     12810   143
026     063     001     012     12810   143
027     063     001     011     12810   143
027     063     001     011     12810   143
026     063     001     011     12810   143
028     063     001     010     12810   143
029     063     001     010     12810   143
028     063     001     011     12810   143
027     063     001     012     12810   143
028     063     001     012     12810   143
031     063     001     010     12810   143
030     063     001     011     12810   143
030     063     001     011     12810   143
030     063     001     011     12810   143
028     063     001     011     12810   143
029     063     001     010     12810   143
029     063     001     010     12810   143
029     063     001     010     12810   143
027     063     001     011     12810   143
026     063     001     011     12810   143
026     063     001     012     12810   143
027     063     001     011     12810   143
027     063     001     011     12810   143
026     063     001     011     12810   143
027     063     001     010     12810   143
026     063     001     010     12810   143
025     063     001     010     12810   143
027     063     001     010     12810   143
026     063     001     010     12810   143
027     063     001     010     12810   143
025     063     001     011     12810   143
025     063     001     011     12810   143
023     063     001     011     12810   143
025     063     001     011     12810   143
024     063     001     010     12810   143
024     063     001     010     12810   143
026     063     001     010     12810   143
026     063     001     010     12810   143
026     063     001     010     12810   143
024     063     001     011     12810   143
025     063     001     011     12810   143
027     063     001     011     12810   143
027     063     001     011     12810   143
026     063     001     011     12810   143
027     063     001     010     12810   143
027     063     001     010     12810   143
026     063     001     010     12810   143
027     063     001     010     12810   143
027     063     001     010     12810   143
026     063     001     011     12810   143
026     063     001     011     12810   143
025     063     001     011     12810   143
026     063     001     010     12810   143
027     063     001     010     12810   143
026     063     001     010     12810   143
025     063     001     010     12810   143
027     063     001     010     12810   143
026     063     001     010     12810   143
025     063     001     010     12810   143
026     063     001     010     12810   143
026     063     001     010     12810   143
023     063     001     010     12810   143
024     063     001     011     12810   143
024     063     001     011     12810   143
024     063     001     011     12810   143
024     063     001     011     12810   143
024     063     001     010     12810   143
024     063     001     010     12810   143
024     063     001     010     12810   143
022     063     001     010     12810   143
022     063     001     010     12810   143
022     063     001     011     12810   143
022     063     001     011     12810   143
022     063     001     011     12810   143
023     063     001     010     12810   143
025     063     001     010     12810   143
026     063     001     010     12810   143
024     063     001     009     12810   143
024     063     001     010     12810   143
026     063     001     010     12810   143
025     063     001     011     12810   143
024     063     001     010     12810   143
026     063     001     010     12810   143
026     063     001     010     12810   143
027     063     001     009     12810   143
026     063     001     010     12810   143
026     063     001     010     12810   143
025     063     001     010     12810   143
025     063     001     011     12810   143
023     063     001     011     12810   143
024     063     001     010     12810   143
024     063     001     010     12810   143
024     063     001     010     12810   143
022     063     001     009     12810   143
023     063     001     009     12810   143
022     063     001     009     12810   143
023     063     001     009     12810   143
022     063     001     010     12810   143
023     063     001     011     12810   143
023     063     001     011     12810   143
026     063     001     010     12810   143
025     063     001     009     12810   143
025     063     001     010     12810   143
024     063     001     010     12810   143
023     063     001     010     12810   143
024     063     001     010     12810   143
025     063     001     010     12810   143
026     063     001     010     12810   143
024     063     001     009     12810   143
024     063     001     010     12810   143
023     063     001     009     12810   143
024     063     001     010     12810   143
024     063     001     010     12810   143
023     063     001     010     12810   143
023     063     001     010     12810   143
022     063     001     010     12810   143
022     063     001     010     12810   143
023     063     001     010     12810   143
022     063     001     009     12810   143
024     063     001     009     12810   143
024     063     001     009     12810   143
023     063     001     009     12810   143
024     063     001     009     12810   143
023     063     001     009     12810   143
024     063     001     010     12810   143
022     063     001     010     12810   143
023     063     001     010     12810   143
023     063     001     010     12810   143
023     063     001     009     12810   143
020     063     001     010     12810   143
021     063     001     010     12810   143
023     063     001     010     12810   143
023     063     001     010     12810   143
023     063     001     009     12810   143
024     063     001     009     12810   143
024     063     001     009     12810   143
023     063     001     009     12810   143
023     063     001     010     12810   143
023     063     001     010     12810   143
024     063     001     010     12810   143
024     063     001     010     12810   143
023     063     001     009     12810   143
024     063     001     009     12810   143
024     063     001     009     12810   143
024     063     001     010     12810   143
023     063     001     010     12810   143
023     063     001     010     12810   143
024     063     001     009     12810   143
023     063     001     008     12810   143
023     063     001     009     12810   143
024     063     001     008     12810   143
023     063     001     009     12810   143
023     063     001     008     12810   143
023     063     001     008     12810   143
023     063     001     009     12810   143
023     063     001     009     12810   143
023     063     001     009     12810   143
023     063     001     010     12810   143
022     063     001     009     12810   143
021     063     001     009     12810   143
021     063     001     009     12810   143
021     063     001     009     12810   143
021     063     001     009     12810   143
021     063     001     009     12810   143
021     063     001     008     12810   143
020     063     001     008     12810   143
020     063     001     009     12810   143
019     063     001     009     12810   143
019     063     001     009     12810   143
020     063     001     009     12810   143
020     063     001     009     12810   143
021     063     001     009     12810   143
022     063     001     008     12810   143
020     063     001     009     12810   143
020     063     001     009     12810   143
022     063     001     008     12810   143
021     063     001     008     12810   143
021     063     001     008     12810   143
021     063     001     009     12810   143
021     063     001     009     12810   143
019     063     001     009     12810   143
020     063     001     009     12810   143
020     063     001     009     12810   143
019     063     001     008     12810   143
019     063     001     008     12810   143
019     063     001     008     12810   143
018     063     001     008     12810   143
019     063     001     008     12810   143
018     063     001     009     12810   143
018     063     001     008     12810   143
019     063     001     008     12810   143
018     063     001     008     12810   143
019     063     001     008     12810   143
018     063     001     008     12810   143
018     063     001     008     12810   143
018     063     001     008     12810   143
017     063     001     009     12810   143
017     063     001     009     12810   143
018     063     001     008     12810   143
017     063     001     008     12810   143
018     063     001     008     12810   143
017     063     001     009     12810   143
016     063     001     009     12810   143
017     063     001     009     12810   143
019     063     001     009     12810   143
018     063     001     009     12810   143
018     063     001     008     12810   143
017     063     001     008     12810   143
018     063     001     008     12810   143
017     063     001     007     12810   143
015     063     001     008     12810   143
015     063     001     008     12810   143
014     063     001     008     12810   143
014     063     001     008     12810   143
013     063     001     008     12810   143
014     063     001     008     12810   143
014     063     001     008     12810   143
014     063     001     007     12810   143
013     063     001     007     12810   143
012     063     001     007     12810   143
011     063     001     007     12810   143
012     063     001     008     12810   143
012     063     001     008     12810   143
011     063     001     007     12810   143
010     063     001     007     12810   143
012     063     001     007     12810   143
012     063     001     007     12810   143
012     063     001     007     12810   143
011     063     001     007     12810   143
014     063     001     007     12810   143
013     063     001     007     12810   143
012     063     001     007     12810   143
013     063     001     007     12810   143
013     063     001     007     12810   143
013     063     001     007     12810   143
013     063     001     006     12810   143
013     063     001     006     12810   143
013     063     001     006     12810   143
013     063     001     007     12810   143
013     063     001     007     12810   143
014     063     001     007     12810   143
014     063     001     006     12810   143
013     063     001     006     12810   143
012     063     001     006     12810   143
012     063     001     006     12810   143
013     063     001     006     12810   143
013     063     001     006     12810   143
013     063     001     006     12810   143
012     063     001     006     12810   143
011     063     001     006     12810   143
012     063     001     006     12810   143
010     063     001     006     12810   143
010     063     001     006     12810   143
011     063     001     006     12810   143
010     063     001     006     12810   143
010     063     001     006     12810   143
010     063     001     006     12810   143
010     063     001     006     12810   143
010     063     001     006     12810   143
010     063     001     006     12810   143
011     063     001     005     12810   143
010     063     001     005     12810   143
010     063     001     005     12810   143
010     063     001     005     12810   143
010     063     001     006     12810   143
008     063     001     005     12810   143
010     063     001     005     12810   143
009     063     001     005     12810   143
010     063     001     005     12810   143
010     063     001     005     12810   143
010     063     001     005     12810   143
009     063     001     005     12810   143
009     063     001     005     12810   143
010     063     001     005     12810   143
009     063     001     005     12810   143
009     063     001     005     12810   143
009     060     001     004     12810   143
009     060     001     004     12810   143
009     063     001     004     12810   143
010     063     001     004     12810   143
009     063     001     004     12810   143
009     063     001     004     12810   143
008     063     001     004     12810   143
008     055     001     004     12810   143
008     044     001     004     12810   143
008     042     001     004     12810   143
006     048     001     004     12810   143
006     057     001     004     12810   143
006     054     001     004     12810   143
006     057     001     004     12810   143
006     044     001     004     12810   143
007     040     001     004     12810   143
006     032     001     003     12810   143
006     030     001     003     12810   143
006     027     001     003     12810   143
006     032     001     003     12810   143
007     025     001     003     12810   143
007     023     001     003     12810   143
006     022     001     003     12810   143
007     024     001     003     12810   143
006     026     001     003     12810   143
006     024     001     003     12810   143
005     021     001     003     12810   143
006     017     001     003     12810   143
005     015     001     003     12810   143
004     014     001     003     12810   143
005     012     001     003     12810   143
004     012     001     003     12810   143
005     012     001     003     12810   143
005     011     001     003     12810   143
004     010     001     003     12810   143
004     008     001     003     12810   143
004     008     001     003     12810   143
004     007     001     003     12810   143
004     006     001     003     12810   143
004     006     001     003     12810   143
003     006     001     003     12810   143
001     005     001     003     12810   143
001     005     001     003     12810   143
000     005     001     003     12810   143
000     004     001     003     12810   143
000     004     001     003     12810   143
000     004     001     003     12810   143
000     004     001     003     12810   143
000     004     001     003     12810   143
000     004     001     003     12810   143
000     003     001     003     12810   143
000     003     001     003     12810   143
000     003     001     003     12810   143
000     003     001     003     12810   143
000     003     001     003     12810   143
000     003     001     003     12810   143
000     003     001     003     12810   143
000     003     001     003     12810   143
000     003     001     003     12810   143
000     003     001     003     12810   143
000     003     001     003     12810   143
000     003     001     003     12810   143
000     003     001     003     12810   143
000     003     001     003     12810   143
000     002     001     003     12810   143
000     002     001     003     12810   143
000     002     001     003     12810   143
000     002     001     003     12810   143
000     002     001     003     12810   143
000     002     001     003     12810   143
000     002     001     003     12810   143
000     002     001     003     12810   143
000     002     001     003     12810   143
000     002     001     003     12810   143
000     002     001     003     12810   143
000     002     001     003     12810   143
000     002     001     003     12810   143
000     002     001     003     12810   143
000     002     001     003     12810   143
000     002     001     003     12810   143
000     002     001     003     12810   143
000     002     001     003     12810   143
000     002     001     003     12810   143
000     002     001     003     12810   143
000     002     001     003     12810   143
000     002     001     003     12810   143
000     002     001     003     12810   143
000     002     001     003     12810   143
000     002     001     003     12810   143
000     002     001     003     12810   143
000     002     001     003     12810   143
000     002     001     003     12810   143
000     002     001     003     12810   143
000     002     001     003     12810   143
000     002     001     003     12810   143
000     002     001     003     12810   143
000     002     001     003     12810   143
000     002     001     003     12810   143
000     002     001     003     12810   143
000     002     001     003     12810   143
000     002     001     003     12810   143
000     002     001     003     12810   143
000     002     001     003     12810   143
000     002     001     003     12810   143
000     002     001     003     12810   143
000     002     001     003     12810   143
000     002     001     002     12810   143
Squal:  Max:    Min:    Sum:    Shutter:        LaserPower:
000     002     001     002     12810   143
000     002     001     002     12810   143
000     002     001     002     12810   143
000     002     001     002     12810   143
000     002     001     002     12810   143
000     002     001     002     12810   143
000     002     001     002     12810   143
000     002     001     002     12810   143
000     002     001     002     12810   143
000     002     001     002     12810   143
000     002     001     002     12810   143
000     002     001     002     12810   143
000     002     001     002     12810   143
000     002     001     002     12810   143
000     002     001     002     12810   143
000     002     001     002     12810   143
000     002     001     002     12810   143
000     002     001     002     12810   143
000     002     001     002     12810   143
000     002     001     002     12810   143
000     002     001     002     12810   143
000     002     001     002     12810   143
000     002     001     002     12810   143
000     002     001     002     12810   143
000     002     001     002     12810   143
000     002     001     002     12810   143
000     002     001     002     12810   143
000     002     001     002     12810   143
000     002     001     002     12810   143
000     002     001     002     12810   143
000     002     001     002     12810   143
000     002     001     002     12810   143
000     002     001     002     12810   143
000     002     001     002     12810   143
000     002     001     002     12810   143
000     002     001     002     12810   143
000     002     001     002     12810   143
000     002     001     002     12810   143
000     002     001     002     12810   143
000     002     001     002     12810   143
000     002     001     002     12810   143
000     002     001     002     12810   143
000     002     001     002     12810   143
000     002     001     002     12810   143
000     002     001     002     12810   143
000     002     001     002     12810   143
000     002     001     002     12810   143
000     002     001     002     12810   143
000     002     001     002     12810   143
000     002     001     002     12810   143
000     002     001     002     12810   143
000     002     001     002     12810   143
000     002     001     002     12810   143
000     002     001     002     12810   143
000     002     001     002     12810   143
000     002     001     002     12810   143
000     002     001     002     12810   143
000     002     001     002     12810   143
000     002     001     002     12810   143
000     002     001     002     12810   143
000     002     001     002     12810   143
000     002     001     002     12810   143
000     002     001     002     12810   143
000     002     001     002     12810   143
000     002     001     002     12810   143
000     002     001     002     12810   143
000     002     001     002     12810   143
000     002     001     002     12810   143
000     002     001     002     12810   143
000     002     001     002     12810   143
000     002     001     002     12810   143
000     002     001     002     12810   143
000     002     001     002     12810   143
000     002     001     002     12810   143
000     002     001     002     12810   143
000     002     001     002     12810   143
000     002     001     002     12810   143
000     002     001     002     12810   143
000     002     001     002     12810   143
000     002     001     002     12810   143
000     002     001     002     12810   143
000     002     001     002     12810   143
000     002     001     002     12810   143
000     002     001     002     12810   143
000     002     001     002     12810   143
000     002     001     002     12810   143
000     002     001     002     12810   143
000     002     001     002     12810   143
000     002     001     002     12810   143
000     002     001     002     12810   143
000     002     001     002     12810   143
000     002     001     002     12810   143
000     002     001     002     12810   143
000     002     001     002     12810   143
000     002     001     002     12810   143
000     002     001     002     12810   143
000     002     001     002     12810   143
000     002     001     002     12810   143
000     002     001     002     12810   143
000     002     001     002     12810   143
000     002     001     002     12810   143
000     002     001     002     12810   143
000     002     001     002     12810   143
000     002     001     002     12810   143
000     002     001     002     12810   143
000     002     001     002     12810   143
000     002     001     002     12810   143
000     002     001     002     12810   143
000     002     001     002     12810   143
000     002     001     002     12810   143
000     002     001     002     12810   143
000     002     001     002     12810   143
000     002     001     002     12810   143
000     002     001     002     12810   143
000     002     001     002     12810   143
000     002     001     002     12810   143
000     002     001     002     12810   143
000     002     001     002     12810   143
000     002     001     002     12810   143
000     002     001     002     12810   143
000     002     001     002     12810   143
000     002     001     002     12810   143
000     002     001     002     12810   143
000     002     001     002     12810   143
000     002     001     002     12810   143
000     002     001     002     12810   143
000     003     001     002     12810   143
000     003     001     002     12810   143
000     003     001     002     12810   143
000     003     001     002     12810   143
000     003     001     002     12810   143
000     003     001     002     12810   143
000     003     001     002     12810   143
000     003     001     002     12810   143
000     003     001     002     12810   143
000     003     001     002     12810   143
000     003     001     002     12810   143
000     003     001     002     12810   143
000     003     001     002     12810   143
000     003     001     002     12810   143
000     003     001     002     12810   143
000     003     001     002     12810   143
000     003     001     002     12810   143
000     003     001     002     12810   143
000     003     001     002     12810   143
000     003     001     002     12810   143
000     004     001     002     12810   143
000     004     001     002     12810   143
000     004     001     002     12810   143
000     004     001     002     12810   143
000     004     001     002     12810   143
000     004     001     002     12810   143
000     004     001     002     12810   143
000     004     001     002     12810   143
000     004     001     003     12810   143
000     005     001     003     12810   143
000     005     001     003     12810   143
000     005     001     003     12810   143
000     005     001     003     12810   143
000     006     001     003     12810   143
001     006     001     003     12810   143
001     006     001     003     12810   143
001     006     001     003     12810   143
002     007     001     003     12810   143
002     007     001     003     12810   143
003     007     001     003     12810   143
004     008     001     003     12810   143
004     009     001     003     12810   143
004     010     001     003     12810   143
004     011     001     003     12810   143
005     012     001     003     12810   143
004     014     001     003     12810   143
005     015     001     003     12810   143
005     016     001     003     12810   143
006     015     001     003     12810   143
005     016     001     003     12810   143
005     015     001     003     12810   143
006     017     001     003     12810   143
006     017     001     003     12810   143
006     020     001     003     12810   143
006     022     001     003     12810   143
006     022     001     003     12810   143
006     021     001     003     12810   143
006     019     001     003     12810   143
006     019     001     003     12810   143
006     020     001     003     12810   143
006     025     001     003     12810   143
006     031     001     003     12810   143
006     033     001     003     12810   143
006     033     001     003     12810   143
006     036     001     003     12810   143
006     032     001     004     12810   143
007     030     001     003     12810   143
008     042     001     003     12810   143
009     053     001     004     12810   143
009     050     001     004     12810   143
009     052     001     004     12810   143
009     043     001     004     12810   143
009     045     001     004     12810   143
009     039     001     004     12810   143
009     044     001     004     12810   143
010     044     001     004     12810   143
009     058     001     004     12810   143
009     063     001     004     12810   143
009     063     001     005     12810   143
009     061     001     004     12810   143
009     063     001     004     12810   143
009     055     001     004     12810   143
009     048     001     004     12810   143
010     063     001     005     12810   143
009     063     001     005     12810   143
009     061     001     005     12810   143
010     062     001     004     12810   143
010     063     001     004     12810   143
010     063     001     005     12810   143
011     063     001     005     12810   143
011     063     001     005     12810   143
010     063     001     005     12810   143
011     056     001     005     12810   143
011     054     001     005     12810   143
011     046     001     005     12810   143
011     047     001     005     12810   143
011     062     001     005     12810   143
011     063     001     005     12810   143
011     063     001     005     12810   143
011     063     001     005     12810   143
011     063     001     005     12810   143
011     063     001     005     12810   143
011     059     001     005     12810   143
011     056     001     005     12810   143
011     057     001     005     12810   143
011     063     001     005     12810   143
012     063     001     006     12810   143
013     063     001     006     12810   143
013     063     001     006     12810   143
012     063     001     006     12810   143
012     063     001     005     12810   143
013     063     001     006     12810   143
012     063     001     006     12810   143
013     063     001     006     12810   143
013     063     001     006     12810   143
013     057     001     006     12810   143
013     058     001     006     12810   143
013     059     001     006     12810   143
013     063     001     006     12810   143
013     063     001     006     12810   143
013     063     001     007     12810   143
012     063     001     007     12810   143
013     063     001     007     12810   143
013     063     001     007     12810   143
012     063     001     006     12810   143
013     059     001     006     12810   143
013     063     001     006     12810   143
012     063     001     007     12810   143
012     063     001     007     12810   143
011     063     001     007     12810   143
012     063     001     007     12810   143
013     063     001     008     12810   143
013     063     001     007     12810   143
013     063     001     007     12810   143
013     058     001     007     12810   143
012     056     001     006     12810   143
013     063     001     007     12810   143
011     063     001     007     12810   143
011     063     001     008     12810   143
012     063     001     008     12810   143
012     063     001     008     12810   143
012     063     001     008     12810   143
013     057     001     008     12810   143
013     057     001     007     12810   143
015     057     001     007     12810   143
016     063     001     007     12810   143
016     063     001     007     12810   143
015     063     001     008     12810   143
015     063     001     009     12810   143
015     063     001     009     12810   143
016     063     001     009     12810   143
015     063     001     008     12810   143
016     056     001     008     12810   143
016     062     001     007     12810   143
014     063     001     009     12810   143
015     063     001     009     12810   143
016     063     001     009     12810   143
016     063     001     009     12810   143
015     063     001     009     12810   143
016     063     001     009     12810   143
017     063     001     009     12810   143
015     063     001     009     12810   143
016     059     001     007     12810   143
015     063     001     007     12810   143
015     063     001     008     12810   143
016     063     001     008     12810   143
016     063     001     009     12810   143
017     063     001     010     12810   143
017     063     001     010     12810   143
017     063     001     009     12810   143
018     063     001     009     12810   143
017     063     001     009     12810   143
018     063     001     008     12810   143
018     063     001     009     12810   143
017     063     001     010     12810   143
019     063     001     010     12810   143
019     063     001     010     12810   143
019     063     001     009     12810   143
018     063     001     010     12810   143
018     063     001     010     12810   143
019     063     001     011     12810   143
021     063     001     010     12810   143
023     063     001     010     12810   143
020     063     001     010     12810   143
021     063     001     010     12810   143
022     063     001     009     12810   143
023     063     001     009     12810   143
023     063     001     009     12810   143
021     063     001     010     12810   143
022     063     001     011     12810   143
021     063     001     010     12810   143
020     063     001     010     12810   143
021     063     001     009     12810   143
022     063     001     009     12810   143
022     063     001     009     12810   143
021     063     001     010     12810   143
019     063     001     010     12810   143
021     063     001     010     12810   143
021     063     001     009     12810   143
019     063     001     009     12810   143
019     063     001     010     12810   143
021     063     001     010     12810   143
022     063     001     011     12810   143
021     063     001     011     12810   143
022     063     001     011     12810   143
024     063     001     010     12810   143
024     063     001     010     12810   143
024     059     001     010     12810   143
025     063     001     009     12810   143
023     063     001     011     12810   143
024     063     001     011     12810   143
023     063     001     011     12810   143
024     063     001     011     12810   143
026     063     001     010     12810   143
026     063     001     011     12810   143
026     063     001     011     12810   143
026     063     001     011     12810   143
025     063     001     011     12810   143
025     063     001     010     12810   143
026     062     001     009     12810   143
026     063     001     009     12810   143
025     063     001     010     12810   143
023     063     001     010     12810   143
024     063     001     011     12810   143
025     063     001     011     12810   143
025     063     001     011     12810   143
025     063     001     010     12810   143
025     063     001     009     12810   143
026     063     001     009     12810   143
025     063     001     009     12810   143
024     063     001     009     12810   143
024     063     001     010     12810   143
022     063     001     011     12810   143
023     063     001     011     12810   143
026     063     001     011     12810   143
026     063     001     011     12810   143
024     055     001     010     12810   143
026     056     001     009     12810   143
026     063     001     009     12810   143
026     063     001     010     12810   143
027     063     001     012     12810   143
027     063     001     011     12810   143
026     063     001     010     12810   143
025     063     001     011     12810   143
026     063     001     010     12810   143
026     063     001     011     12810   143
027     063     001     011     12810   143
028     063     001     012     12810   143
028     063     001     011     12810   143
028     063     001     011     12810   143
027     057     001     010     12810   143
028     057     001     009     12810   143
029     063     001     009     12810   143
031     063     001     011     12810   143
030     063     001     011     12810   143
030     058     001     010     12810   143
029     058     001     010     12810   143
029     063     001     010     12810   143
028     063     001     011     12810   143
028     063     001     012     12810   143
028     063     001     012     12810   143
029     063     001     012     12810   143
029     063     001     011     12810   143
028     060     001     011     12810   143
028     060     001     010     12810   143
028     061     001     010     12810   143
029     063     001     010     12810   143
026     063     001     011     12810   143
026     063     001     011     12810   143
025     063     001     012     12810   143
026     063     001     011     12810   143
025     063     001     012     12810   143
026     063     001     012     12810   143
027     063     001     012     12810   143
026     063     001     011     12810   143
025     063     001     011     12810   143
026     063     001     010     12810   143
024     063     001     010     12810   143
024     063     001     011     12810   143
024     063     001     012     12810   143
024     063     001     012     12810   143
025     063     001     012     12810   143
027     063     001     011     12810   143
027     063     001     010     12810   143
025     063     001     011     12810   143
025     063     001     011     12810   143
023     063     001     012     12810   143
026     063     001     012     12810   143
026     063     001     012     12810   143
027     063     001     011     12810   143
027     063     001     012     12810   143
028     063     001     012     12810   143
028     063     001     012     12810   143
029     063     001     012     12810   143
030     063     001     011     12810   143
029     063     001     010     12810   143
029     059     001     010     12810   143
029     063     001     011     12810   143
029     063     001     012     12810   143
029     063     001     012     12810   143
029     063     001     012     12810   143
029     063     001     011     12810   143
030     063     001     011     12810   143
028     060     001     011     12810   143
029     063     001     010     12810   143
029     063     001     011     12810   143
028     063     001     012     12810   143
028     063     001     012     12810   143
028     063     001     012     12810   143
028     063     001     012     12810   143
027     063     001     011     12810   143
026     063     001     011     12810   143
028     063     001     012     12810   143
025     063     001     011     12810   143
026     063     001     011     12810   143
026     063     001     011     12810   143
025     063     001     011     12810   143
024     063     001     011     12810   143
024     063     001     012     12810   143
027     063     001     011     12810   143
027     063     001     010     12810   143
027     063     001     011     12810   143
026     063     001     011     12810   143
025     063     001     012     12810   143
026     063     001     012     12810   143
028     063     001     011     12810   143
029     063     001     012     12810   143
028     063     001     012     12810   143
028     063     001     012     12810   143
027     063     001     012     12810   143
029     063     001     012     12810   143
029     063     001     012     12810   143
028     063     001     011     12810   143
028     063     001     011     12810   143
028     063     001     011     12810   143
027     063     001     012     12810   143
026     063     001     012     12810   143
027     063     001     011     12810   143
027     063     001     011     12810   143
028     063     001     010     12810   143
029     063     001     011     12810   143
029     063     001     012     12810   143
028     063     001     012     12810   143
028     063     001     012     12810   143
028     063     001     012     12810   143
028     063     001     012     12810   143
028     063     001     011     12810   143
029     063     001     011     12810   143
029     063     001     010     12810   143
027     063     001     012     12810   143
028     063     001     012     12810   143
030     063     001     012     12810   143
029     063     001     012     12810   143
029     063     001     011     12810   143
028     063     001     011     12810   143
030     063     001     011     12810   143
027     063     001     012     12810   143
028     063     001     012     12810   143
029     063     001     012     12810   143
028     063     001     012     12810   143
029     063     001     012     12810   143
028     063     001     012     12810   143
028     063     001     012     12810   143
028     063     001     011     12810   143
029     063     001     011     12810   143
029     063     001     011     12810   143
029     063     001     012     12810   143
029     063     001     012     12810   143
029     063     001     012     12810   143
029     063     001     012     12810   143
029     063     001     012     12810   143
028     063     001     011     12810   143
029     063     001     012     12810   143
028     063     001     012     12810   143
029     063     001     012     12810   143
028     063     001     012     12810   143
028     063     001     012     12810   143
027     063     001     011     12810   143
026     063     001     012     12810   143
029     063     001     011     12810   143
027     063     001     012     12810   143
027     063     001     012     12810   143
029     063     001     012     12810   143
029     063     001     012     12810   143
029     063     001     012     12810   143
028     061     001     011     12810   143
028     063     001     011     12810   143
029     063     001     010     12810   143
028     063     001     011     12810   143
028     063     001     011     12810   143
026     063     001     012     12810   143
027     063     001     012     12810   143
027     063     001     012     12810   143
027     063     001     012     12810   143
028     063     001     012     12810   143
028     063     001     011     12810   143
026     063     001     011     12810   143
028     063     001     011     12810   143
028     063     001     012     12810   143
028     063     001     013     12810   143
029     063     001     012     12810   143
028     063     001     012     12810   143
029     063     001     012     12810   143
029     063     001     012     12810   143
029     063     001     011     12810   143
029     063     001     011     12810   143
029     063     001     011     12810   143
029     063     001     011     12810   143
030     063     001     011     12810   143
029     063     001     011     12810   143
027     063     001     012     12810   143
028     063     001     013     12810   143
028     063     001     012     12810   143
027     063     001     012     12810   143
027     063     001     012     12810   143
027     063     001     011     12810   143
028     063     001     012     12810   143
025     063     001     012     12810   143
027     063     001     012     12810   143
028     063     001     012     12810   143
025     063     001     012     12810   143
026     058     001     011     12810   143
026     060     001     011     12810   143
024     063     001     010     12810   143
025     063     001     011     12810   143
024     063     001     011     12810   143
024     063     001     012     12810   143
024     063     001     012     12810   143
024     063     001     012     12810   143
025     063     001     011     12810   143
026     063     001     011     12810   143
026     063     001     011     12810   143
026     063     001     010     12810   143
026     063     001     010     12810   143
026     063     001     012     12810   143
026     063     001     012     12810   143
028     063     001     012     12810   143
028     063     001     012     12810   143
029     063     001     012     12810   143
030     063     001     011     12810   143
029     063     001     011     12810   143
029     063     001     010     12810   143
029     063     001     011     12810   143
029     063     001     011     12810   143
028     063     001     012     12810   143
029     063     001     012     12810   143
028     063     001     012     12810   143
029     063     001     011     12810   143
029     063     001     011     12810   143
029     063     001     011     12810   143
028     063     001     011     12810   143
028     063     001     010     12810   143
028     063     001     010     12810   143
026     063     001     011     12810   143
026     063     001     012     12810   143
025     063     001     012     12810   143
026     063     001     012     12810   143
027     063     001     011     12810   143
025     063     001     011     12810   143
026     063     001     012     12810   143
026     063     001     012     12810   143
026     063     001     012     12810   143
025     063     001     012     12810   143
025     063     001     012     12810   143
025     063     001     011     12810   143
024     063     001     012     12810   143
026     063     001     012     12810   143
027     063     001     011     12810   143
026     063     001     011     12810   143
027     063     001     010     12810   143
029     063     001     010     12810   143
029     063     001     011     12810   143
029     063     001     011     12810   143
028     063     001     012     12810   143
030     063     001     012     12810   143
030     063     001     012     12810   143
030     063     001     011     12810   143
030     063     001     011     12810   143
028     063     001     010     12810   143
029     063     001     010     12810   143
028     063     001     012     12810   143
029     063     001     011     12810   143
027     063     001     010     12810   143
027     063     001     010     12810   143
025     063     001     010     12810   143
024     063     001     010     12810   143
025     063     001     011     12810   143
026     063     001     012     12810   143
026     063     001     012     12810   143
025     063     001     011     12810   143
027     063     001     011     12810   143
028     063     001     011     12810   143
026     063     001     010     12810   143
028     063     001     010     12810   143
027     063     001     011     12810   143
027     063     001     011     12810   143
026     063     001     011     12810   143
026     063     001     012     12810   143
028     063     001     011     12810   143
029     063     001     011     12810   143
028     063     001     010     12810   143
028     063     001     010     12810   143
030     063     001     010     12810   143
030     063     001     011     12810   143
031     063     001     011     12810   143
029     063     001     011     12810   143
028     063     001     011     12810   143
029     063     001     010     12810   143
029     063     001     011     12810   143
028     063     001     011     12810   143
027     063     001     011     12810   143
028     063     001     012     12810   143
028     063     001     011     12810   143
026     063     001     011     12810   143
026     063     001     010     12810   143
026     063     001     010     12810   143
028     063     001     010     12810   143
026     063     001     011     12810   143
024     063     001     011     12810   143
025     063     001     011     12810   143
025     063     001     011     12810   143
025     063     001     011     12810   143
027     063     001     010     12810   143
025     063     001     010     12810   143
025     063     001     010     12810   143
026     063     001     010     12810   143
024     063     001     010     12810   143
026     063     001     011     12810   143
025     063     001     011     12810   143
025     063     001     011     12810   143
027     063     001     010     12810   143
026     063     001     011     12810   143
026     063     001     010     12810   143
026     063     001     010     12810   143
026     063     001     009     12810   143
027     063     001     010     12810   143
026     063     001     010     12810   143
026     063     001     010     12810   143
027     063     001     010     12810   143
026     063     001     011     12810   143
026     063     001     011     12810   143
027     063     001     011     12810   143
026     063     001     011     12810   143
026     063     001     011     12810   143
027     063     001     010     12810   143
026     063     001     010     12810   143
026     063     001     009     12810   143
025     063     001     011     12810   143
025     063     001     011     12810   143
025     063     001     010     12810   143
027     063     001     010     12810   143
025     063     001     010     12810   143
025     063     001     009     12810   143
025     063     001     010     12810   143
022     063     001     010     12810   143
024     063     001     011     12810   143
023     063     001     011     12810   143
025     063     001     010     12810   143
023     063     001     010     12810   143
023     063     001     010     12810   143
024     063     001     010     12810   143
023     063     001     009     12810   143
023     063     001     011     12810   143
021     063     001     011     12810   143
023     063     001     011     12810   143
023     063     001     010     12810   143
023     063     001     010     12810   143
024     063     001     009     12810   143
024     063     001     010     12810   143
023     063     001     010     12810   143
023     063     001     010     12810   143
024     063     001     010     12810   143
025     063     001     011     12810   143
023     063     001     010     12810   143
023     063     001     010     12810   143
027     063     001     010     12810   143
027     063     001     009     12810   143
027     063     001     009     12810   143
026     063     001     010     12810   143
026     063     001     010     12810   143
027     063     001     010     12810   143
025     063     001     011     12810   143
024     063     001     011     12810   143
023     063     001     010     12810   143
024     063     001     010     12810   143
024     063     001     009     12810   143
022     063     001     009     12810   143
022     063     001     009     12810   143
022     063     001     010     12810   143
023     063     001     010     12810   143
023     063     001     010     12810   143
025     063     001     009     12810   143
024     063     001     010     12810   143
024     063     001     010     12810   143
024     063     001     010     12810   143
025     063     001     010     12810   143
024     063     001     010     12810   143
025     063     001     010     12810   143
025     063     001     009     12810   143
025     063     001     009     12810   143
026     063     001     009     12810   143
023     063     001     010     12810   143
024     063     001     010     12810   143
024     063     001     010     12810   143
023     063     001     010     12810   143
023     063     001     010     12810   143
024     063     001     009     12810   143
023     063     001     009     12810   143
023     063     001     009     12810   143
022     063     001     009     12810   143
022     063     001     009     12810   143
023     063     001     010     12810   143
022     063     001     010     12810   143
023     063     001     010     12810   143
024     063     001     010     12810   143
024     063     001     010     12810   143
026     063     001     009     12810   143
024     063     001     009     12810   143
023     063     001     008     12810   143
023     063     001     009     12810   143
023     063     001     010     12810   143
022     063     001     010     12810   143
023     063     001     010     12810   143
022     063     001     010     12810   143
023     063     001     009     12810   143
024     063     001     009     12810   143
024     063     001     009     12810   143
023     063     001     009     12810   143
024     063     001     009     12810   143
024     063     001     009     12810   143
022     063     001     008     12810   143
023     063     001     008     12810   143
024     063     001     009     12810   143
024     063     001     009     12810   143
024     063     001     010     12810   143
025     063     001     009     12810   143
025     063     001     009     12810   143
023     063     001     008     12810   143
023     063     001     009     12810   143
022     063     001     009     12810   143
023     063     001     009     12810   143
022     063     001     009     12810   143
023     063     001     009     12810   143
023     063     001     009     12810   143
023     063     001     009     12810   143
022     063     001     008     12810   143
024     063     001     009     12810   143
023     063     001     009     12810   143
023     063     001     009     12810   143
022     063     001     009     12810   143
021     063     001     009     12810   143
021     063     001     009     12810   143
022     063     001     008     12810   143
021     063     001     008     12810   143
020     063     001     009     12810   143
020     063     001     009     12810   143
021     063     001     009     12810   143
020     063     001     009     12810   143
020     063     001     009     12810   143
020     063     001     009     12810   143
021     063     001     009     12810   143
021     063     001     008     12810   143
020     063     001     008     12810   143
020     063     001     009     12810   143
021     063     001     009     12810   143
022     063     001     009     12810   143
021     063     001     009     12810   143
021     063     001     009     12810   143
021     063     001     009     12810   143
021     063     001     008     12810   143
021     063     001     008     12810   143
019     063     001     008     12810   143
020     063     001     009     12810   143
019     063     001     009     12810   143
018     063     001     009     12810   143
018     063     001     009     12810   143
018     063     001     009     12810   143
019     063     001     008     12810   143
018     063     001     008     12810   143
018     063     001     008     12810   143
019     063     001     008     12810   143
018     063     001     009     12810   143
018     063     001     008     12810   143
018     063     001     008     12810   143
018     063     001     008     12810   143
017     063     001     008     12810   143
019     063     001     008     12810   143
019     063     001     008     12810   143
017     063     001     007     12810   143
017     063     001     008     12810   143
018     063     001     008     12810   143
017     063     001     008     12810   143
017     063     001     009     12810   143
017     063     001     009     12810   143
018     063     001     008     12810   143
018     063     001     008     12810   143
017     063     001     008     12810   143
018     063     001     007     12810   143
018     063     001     007     12810   143
017     063     001     008     12810   143
016     063     001     008     12810   143
016     063     001     008     12810   143
015     063     001     008     12810   143
014     063     001     008     12810   143
015     063     001     008     12810   143
014     063     001     007     12810   143
014     063     001     007     12810   143
013     063     001     007     12810   143
013     063     001     007     12810   143
013     063     001     008     12810   143
014     063     001     008     12810   143
013     063     001     007     12810   143
012     063     001     007     12810   143
013     063     001     007     12810   143
012     063     001     007     12810   143
012     063     001     007     12810   143
011     063     001     007     12810   143
010     063     001     007     12810   143
011     063     001     007     12810   143
011     063     001     007     12810   143
011     063     001     007     12810   143
014     063     001     007     12810   143
013     063     001     007     12810   143
012     063     001     007     12810   143
012     063     001     007     12810   143
011     063     001     007     12810   143
013     063     001     007     12810   143
014     063     001     007     12810   143
013     063     001     006     12810   143
013     063     001     006     12810   143
013     063     001     006     12810   143
013     063     001     006     12810   143
013     063     001     007     12810   143
013     063     001     007     12810   143
013     063     001     007     12810   143
013     063     001     006     12810   143
012     063     001     006     12810   143
012     063     001     006     12810   143
011     063     001     006     12810   143
011     063     001     006     12810   143
011     063     001     006     12810   143
011     063     001     006     12810   143
011     063     001     006     12810   143
011     063     001     006     12810   143
010     063     001     006     12810   143
011     063     001     006     12810   143
010     063     001     006     12810   143
010     063     001     006     12810   143
011     063     001     006     12810   143
011     063     001     005     12810   143
010     063     001     005     12810   143
010     063     001     005     12810   143
010     063     001     005     12810   143
010     063     001     005     12810   143
011     063     001     006     12810   143
011     063     001     005     12810   143
010     063     001     005     12810   143
009     063     001     005     12810   143
010     063     001     005     12810   143
010     063     001     005     12810   143
010     063     001     005     12810   143
009     063     001     005     12810   143
009     063     001     005     12810   143
009     063     001     005     12810   143
009     063     001     005     12810   143
009     063     001     005     12810   143
010     063     001     005     12810   143
009     063     001     005     12810   143
010     063     001     005     12810   143
009     063     001     005     12810   143
009     063     001     005     12810   143
009     063     001     004     12810   143
009     059     001     004     12810   143
009     057     001     004     12810   143
008     047     001     004     12810   143
008     056     001     004     12810   143
007     055     001     004     12810   143
008     063     001     004     12810   143
006     062     001     004     12810   143
006     047     001     004     12810   143
006     056     001     004     12810   143
007     053     001     004     12810   143
007     050     001     004     12810   143
006     047     001     004     12810   143
006     036     001     004     12810   143
006     029     001     003     12810   143
006     027     001     003     12810   143
006     026     001     003     12810   143
007     030     001     003     12810   143
006     029     001     003     12810   143
007     030     001     003     12810   143
006     027     001     003     12810   143
006     023     001     003     12810   143
006     018     001     003     12810   143
006     017     001     003     12810   143
005     015     001     003     12810   143
005     015     001     003     12810   143
004     014     001     003     12810   143
005     014     001     003     12810   143
005     013     001     003     12810   143
005     012     001     003     12810   143
004     010     001     003     12810   143
004     009     001     003     12810   143
004     008     001     003     12810   143
004     007     001     003     12810   143
004     007     001     003     12810   143
004     006     001     003     12810   143
003     006     001     003     12810   143
001     005     001     003     12810   143
001     005     001     003     12810   143
000     005     001     003     12810   143
000     004     001     003     12810   143
000     004     001     003     12810   143
000     004     001     003     12810   143
000     004     001     003     12810   143
000     004     001     003     12810   143
000     003     001     003     12810   143
000     003     001     003     12810   143
000     003     001     003     12810   143
000     003     001     003     12810   143
000     003     001     003     12810   143
000     003     001     003     12810   143
000     003     001     003     12810   143
000     003     001     003     12810   143
000     003     001     003     12810   143
000     003     001     003     12810   143
000     003     001     003     12810   143
000     003     001     003     12810   143
000     003     001     003     12810   143
000     002     001     003     12810   143
000     002     001     003     12810   143
000     002     001     003     12810   143
000     002     001     003     12810   143
000     002     001     003     12810   143
000     002     001     003     12810   143
000     002     001     003     12810   143
000     002     001     003     12810   143
000     002     001     003     12810   143
000     002     001     003     12810   143
000     002     001     003     12810   143
000     002     001     003     12810   143
000     002     001     003     12810   143
000     002     001     003     12810   143
000     002     001     002     12810   143
000     002     001     003     12810   143
000     002     001     003     12810   143
000     002     001     003     12810   143
000     002     001     003     12810   143
000     002     001     003     12810   143
000     002     001     003     12810   143
000     002     001     003     12810   143
000     002     001     003     12810   143
000     002     001     003     12810   143
000     002     001     003     12810   143
000     002     001     003     12810   143
000     002     001     003     12810   143
000     002     001     003     12810   143
000     002     001     003     12810   143
000     002     001     003     12810   143
000     002     001     003     12810   143
000     002     001     003     12810   143
000     002     001     003     12810   143
000     002     001     003     12810   143
000     002     001     003     12810   143
000     002     001     002     12810   143
000     002     001     003     12810   143
000     002     001     003     12810   143
000     002     001     003     12810   143
000     002     001     003     12810   143
000     002     001     003     12810   143
000     002     001     003     12810   143
000     002     001     003     12810   143
000     002     001     003     12810   143
000     002     001     003     12810   143

[screen is terminating]
